  username  | queries | avg_ms | p50_ms | p95_ms | max_ms | no_citations | low_confidence | incomplete_goals 
------------+---------+--------+--------+--------+--------+--------------+----------------+------------------
 altamash   |       2 | 193211 | 193211 | 218184 | 220959 |            0 |              2 |                2
 m_malik    |       1 | 177378 | 177378 | 177378 | 177378 |            0 |              1 |                1
 dharmendra |       6 | 103099 | 106492 | 169503 | 183030 |            0 |              4 |                3
 dummy      |       1 | 164091 | 164091 | 164091 | 164091 |            0 |              1 |                1
 shakeel    |       8 | 113612 | 105404 | 162988 | 164288 |            0 |              2 |                2
 admin      |       1 | 110593 | 110593 | 110593 | 110593 |            0 |              1 |                1
(6 rows)

